# Crystal metadata
# name: Mo(P)
# cell: a=3.140000, b=3.140000, c=3.140000, alpha=90.000000, beta=90.000000, gamma=90.000000
# volume: 30.959144
# wavelength: 1.541800 A; twotheta_range: [5.000000, 149.980000] step=0.020000
# profile: stick; eta=0.5; thetam_deg=0.0
# caglioti: U=0.0026, V=-0.0018, W=0.001; scale=1.0
# intensity: units=arbitrary, normalized=True, intensity_max_value=100.0, intensity_min=1e-06
# multiplicity_mode: metric; metric_rtol=1e-07, metric_atol=1e-12
# spacegroup_ops: 48; atoms_input=1; atoms_full=1
# atoms (element, x, y, z, occ, Biso)
#   Mo, 0.000000, 0.000000, 0.000000, 1.000000, 1.280000
#
+------+-----------+-----------+------------+--------+-----------+-----------+-----------+----------------+----------------+-------------+
|    n | hkl       |         d |   twotheta |   mult |         l |         f |         p |              F |            F^2 |   intensity |
+------+-----------+-----------+------------+--------+-----------+-----------+-----------+----------------+----------------+-------------+
|    1 | 1 0 0     |     3.140 |     28.424 |      6 |    17.114 |    35.366 |     0.887 |         34.237 |       1172.157 |     100.000 |
|    2 | 1 1 0     |     2.220 |     40.633 |     12 |     8.846 |    31.900 |     0.788 |         29.895 |        893.728 |      70.038 |
|    3 | 1 1 1     |     1.813 |     50.331 |      8 |     6.110 |    29.489 |     0.704 |         26.753 |        715.709 |      23.068 |
|    4 | 2 0 0     |     1.570 |     58.815 |      6 |     4.761 |    27.630 |     0.634 |         24.266 |        588.839 |       9.993 |
|    5 | 2 1 0     |     1.404 |     66.594 |     24 |     3.970 |    26.144 |     0.579 |         22.227 |        494.056 |      25.532 |
|    6 | 2 1 1     |     1.282 |     73.937 |     24 |     3.461 |    24.930 |     0.538 |         20.519 |        421.031 |      17.637 |
|    7 | 2 2 0     |     1.110 |     87.960 |     12 |     2.882 |    23.071 |     0.501 |         17.795 |        316.674 |       5.137 |
|    8 | 2 2 2     |     0.906 |    116.526 |      8 |     2.628 |    20.615 |     0.600 |         13.965 |        195.015 |       2.304 |
|    9 | 3 0 0     |     1.047 |     94.873 |     30 |     2.725 |    22.339 |     0.504 |         16.680 |        278.230 |      10.734 |
|   10 | 3 1 0     |     0.993 |    101.859 |     24 |     2.632 |    21.698 |     0.521 |         15.685 |        246.004 |       7.588 |
|   11 | 3 1 1     |     0.947 |    109.029 |     24 |     2.598 |    21.129 |     0.553 |         14.785 |        218.599 |       7.065 |
|   12 | 3 2 0     |     0.871 |    124.552 |     24 |     2.743 |    20.145 |     0.661 |         13.211 |        174.519 |       7.114 |
|   13 | 3 2 1     |     0.839 |    133.448 |     48 |     2.999 |    19.710 |     0.736 |         12.513 |        156.564 |      15.551 |
|   14 | 4 0 0     |     0.785 |    158.248 |      6 |     5.496 |    18.920 |     0.931 |         11.256 |        126.706 |       3.646 |
+------+-----------+-----------+------------+--------+-----------+-----------+-----------+----------------+----------------+-------------+
